Name: 92yydd20bhff
Parent_gen: bkewbi4bt6ty
N_lasers: 116
N_death_cycles: 0
laser_x_vels: -7.31034 -2.6468 -6.30594 -4.6 -2.19263 -4.6 -5.3311 -4.06245 -5.14496 -3.67801 -1.94064 -5.19417 -4.96209 -6.62958 -1.09562 -4.13558 -6.01744 -0.979466 -6.87128 -6.86003 -2.5982 -5.21733 -4.93511 -1.98845 -4.2578 -5.27338 -1.00113 -4.20868 -6.98131 -7.57361 -2.95756 -3.67357 -5.72472 -2.06412 -4.6 -3.946 -4.6 -8.00403 -3.07219 -6.06441 -6.95835 -6.45859 -4.86869 -4.7411 -4.29087 -2.36321 -3.89524 -9.26854 -3.47991 -6.66481 -3.03243 -6.83948 -4.90799 -6.96153 -3.12751 -7.82505 -1.83037 -4.01836 -8.31662 -1.87265 -7.91499 -2.16166 -2.4552 -6.06562 -6.51716 -4.5924 -3.56329 -4.78029 -4.6 -6.37573 -5.7421 -2.12912 -7.62468 -1.71938 -9.61737 -7.69264 -5.62941 -2.84596 -3.66976 -5.57075 -1.73493 -6.99241 -4.34511 -4.53339 -5.42335 -5.52959 -2.29607 -7.30524 -5.76631 -3.65989 -3.04346 -5.37742 -8.4946 -4.10639 -4.83264 -4.76503 -7.64004 -2.5611 -3.76794 -5.08685 -5.46438 -7.89319 -4.6979 -3.79279 -3.11437 -6.60335 -4.77971 -1.28861 -3.09433 -3.69023 -6.31211 -1.49699 -4.09941 -8.49588 -4.6039 -4.6 
Survival_times: 
Weights: 0.01 -0.000289928 0 0.00057657 -0.000482994 0 -5.70989e-05 -0.00243045 0.000351943 0 
Bias: 0
Survival_times: 
Weights: 0.01 -0.000337405 0 0.000447786 -0.000552131 0 -2.82296e-05 -0.00319173 0.000146074 0 
Bias: 0
Survival_times: 
Weights: 0.01 -0.000366162 0 0.000245964 -0.00026129 0 -2.17012e-05 -0.00113755 0.000333641 0 
Bias: 0
Survival_times: 
Weights: 0.01 -0.000460206 0 0.00066009 -0.000278798 0 -2.17082e-05 -0.00350842 0.000503932 0 
Bias: 0
Survival_times: 
Weights: 0.01 -0.000131822 0 0.000235526 -0.000589187 0 -3.83107e-05 -0.00368821 0.000397274 0 
Bias: 0
Survival_times: 
Weights: 0.01 -0.000208828 0 0.000909345 -0.000622222 0 -2.25174e-05 -0.00231762 0.000525782 0 
Bias: 0
Survival_times: 
Weights: 0.01 -0.000270778 0 0.000249089 -0.000715599 0 -5.75959e-05 -0.00306007 0.000501775 0 
Bias: 0
Survival_times: 
Weights: 0.01 -0.000428431 0 0.000363571 -0.000615468 0 -2.99986e-05 -0.00254142 0.000510463 0 
Bias: 0
Survival_times: 
Weights: 0.01 -0.000405769 0 0.000228783 -0.000397788 0 -2.26481e-05 -0.000916794 0.000431936 0 
Bias: 0
Survival_times: 
Weights: 0.01 -0.000201131 0 0.000518699 -0.000735094 0 -5.82358e-05 -0.00298897 0.000314267 0 
Bias: 0
Survival_times: 
Weights: 0.01 -0.000442835 0 0.000346005 -0.000260267 0 -7.86887e-05 -0.00303568 0.000556126 0 
Bias: 0
Survival_times: 
Weights: 0.01 -0.000444583 0 0.000736197 -0.000213335 0 -8.95542e-05 -0.0036442 0.000481262 0 
Bias: 0
Survival_times: 
Weights: 0.01 -0.000192004 0 0.000863613 -0.000460107 0 -8.21023e-05 -0.00337241 0.000565518 0 
Bias: 0
Survival_times: 
Weights: 0.01 -0.000110933 0 0.000552244 -0.000187752 0 -5.15145e-05 -0.003278 0.000564549 0 
Bias: 0
Survival_times: 
Weights: 0.01 -0.00043245 0 0.000823742 -0.000755289 0 -7.87334e-05 -0.00286627 0.00015403 0 
Bias: 0
Survival_times: 
Weights: 0.01 -0.000406895 0.000764263 0.000809207 -0.000582202 0 -5.9714e-05 -0.002519 0.000275758 -0.00032195 
Bias: 0
Survival_times: 
Weights: 0.01 -0.000231052 0 0.000379474 -0.000480308 0 -6.60718e-05 -0.00109992 0.000334277 0 
Bias: 0
Survival_times: 
Weights: 0.01 -0.000198624 0 0.000595873 -0.000249707 0 -2.59883e-05 -0.00276526 0.000343143 0 
Bias: 0
Survival_times: 
Weights: 0.01 -0.000130065 0 0.000855373 -0.000746224 0 -8.51535e-05 -0.00297266 0.000459611 0 
Bias: 0
Survival_times: 
Weights: 0.01 -0.000465298 0 0.000863892 -0.000196094 0 -8.86356e-05 -0.00155341 0.000960031 0 
Bias: 0
Survival_times: 
Weights: 0.01 -0.000467521 0 0.000811944 -0.000486779 0 -2.62599e-05 -0.00249891 0.000419176 0 
Bias: 0
Survival_times: 
Weights: 0.01 -0.000196264 0 0.000516209 0.000347258 0 -5.10593e-05 -0.00249275 0.000540428 0 
Bias: 0
Survival_times: 
Weights: 0.01 -0.000125056 0 0.000795242 -0.000235219 0 -3.39688e-05 -0.00180437 0.000210259 0 
Bias: 0
Survival_times: 
Weights: 0.01 -0.000237918 0 0.000778037 -0.000698616 0 -6.68268e-05 -0.00255385 0.000414007 0 
Bias: 0
Survival_times: 
Weights: 0.01 -0.000155368 0 0.000510559 -0.000649037 0 -2.54524e-05 -0.00257369 0.000546392 0 
Bias: 0
Survival_times: 
Weights: 0.01 -0.000255872 0 0.000515501 -0.000505486 0 -7.54123e-05 -0.00280358 0.000387839 0 
Bias: 0
Survival_times: 
Weights: 0.01 -0.000231801 0 0.000304007 -0.000494804 0 -5.2664e-05 -0.0014677 0.000380208 0 
Bias: 0
Survival_times: 
Weights: 0.01 -0.000421326 0 0.000222018 -0.000252018 0 -2.31338e-05 -0.00300473 0.000193551 0 
Bias: 0
Survival_times: 
Weights: 0.01 -0.000155945 0 0.00025103 -0.000318116 0 -5.25381e-05 -0.00325277 0.000279216 0 
Bias: 0
Survival_times: 
Weights: 0.01 -0.00025298 0 0.000444623 -0.000752524 -0.000277069 -4.90555e-05 -0.00196917 0.000138751 0 
Bias: 0
Survival_times: 
Weights: 0.01 -0.000343383 0 0.000812967 -0.000401461 0 -4.31627e-05 -0.00104017 0.000197199 0.000356236 
Bias: 0
Survival_times: 
Weights: 0.01 -0.000113697 0 0.000728598 -0.000666435 0 -4.55368e-05 -0.00359384 0.000230002 0 
Bias: 0
Survival_times: 
Weights: 0.01 -0.000438248 0 0.000872127 -0.000464575 0 -9.05346e-05 -0.00116333 0.000554177 0 
Bias: 0
Survival_times: 
Weights: 0.01 -0.000258204 0 0.000922835 -0.000769448 0 -2.43692e-05 -0.00166517 0.000180019 0 
Bias: 0
Survival_times: 
Weights: 0.01 0.000703668 0 0.000920398 -0.00069069 0 -6.52372e-05 -0.00235254 0.000325982 0 
Bias: 0
Survival_times: 
Weights: 0.01 -0.000207243 0 0.000927358 -0.000316271 0 -3.08634e-05 -0.00198185 0.000363423 0 
Bias: 0
Survival_times: 
Weights: 0.01 -0.000204513 0 0.000317723 -0.000462764 0 -7.98882e-05 -0.000342163 0.000487477 0 
Bias: 0
Survival_times: 
Weights: 0.01 -0.000449384 0 0.000917572 -0.000412782 0 -6.77752e-05 -0.00216604 0.000561593 0 
Bias: 0
Survival_times: 
Weights: 0.01 -0.000164275 0 0.000558256 -0.000407877 0 -5.11924e-05 -0.00388407 0.000439654 0.000148331 
Bias: 0
Survival_times: 
Weights: 0.01 -0.000170387 0 0.000841557 -0.000758227 0 -3.97375e-05 -0.00106282 0.000232814 0 
Bias: 0
Survival_times: 
Weights: 0.01 -0.000229888 0 0.000451328 -0.000203251 0 -4.37373e-05 -0.00215263 0.000490002 0 
Bias: 0
Survival_times: 
Weights: 0.01 -0.000128346 0 0.000711852 -0.000348804 0 -5.85246e-05 -0.00155167 0.000368867 0 
Bias: 0
Survival_times: 
Weights: 0.01 -0.000341607 0 0.000651782 -0.000652243 0.000930251 -5.1351e-05 -0.00174886 0.000360651 0 
Bias: 0
Survival_times: 
Weights: 0.01 -0.000274226 0 0.000846065 -0.000471831 0 0.000605439 -0.00359913 0.000140481 0 
Bias: 0
Survival_times: 
Weights: 0.01 -0.000303065 0 0.00075256 -0.000341656 5.93479e-05 -3.97996e-05 -0.0039288 0.000565706 0 
Bias: 0
Survival_times: 
Weights: 0.01 -0.000254865 0 0.000433428 -0.000708535 0 -3.85511e-05 -0.00248084 0.000445329 0 
Bias: 0
Survival_times: 
Weights: 0.01 -0.000184553 0 0.000453574 -0.000397162 0 -4.00239e-05 -0.00152988 0.000364934 0 
Bias: 0
Survival_times: 
Weights: 0.01 -0.000433187 0 0.000326525 -0.000573604 0 -8.01397e-05 -0.00339905 0.000508071 0 
Bias: 0
Survival_times: 
Weights: 0.01 -0.000119251 0 0.000556779 -0.000619075 0 -8.02372e-05 -0.00117222 0.000166424 0 
Bias: 0
Survival_times: 
Weights: 0.01 -0.000239169 0 0.000807021 -0.000606568 0 -8.80535e-05 -0.00317116 0.000420415 0 
Bias: 0
